start=109.033333
volume=46.000000
fullscreen=yes
