start=57.340622
pause=yes
volume=44.000000
