start=925.192131
volume=54.000000
