start=525.377446
volume=74.000000
