start=248.084000
volume=36.000000
