start=1950.000000
pause=yes
volume=62.000000
