start=766.803582
volume=68.000000
sid=no
