start=1679.300000
volume=24.000000
