start=1114.300000
pause=yes
volume=74.000000
