start=95.261833
osd-level=3
volume=48.000000
